00000000000000000000000000000000
00000000000000000000000000000000
00000000000000000000000000000000
00000000000000000000000000000000
00000000000000000000000000000000
00000000000000000000000000000000
00000000000000000000000000000000
00000000000000000000000000000000
00000000000000000000000000000000
00000000000000000000000000000000
00000000000000000000000000000000
00000000000000000000000000000000
00000000000000000000000000000000
00000000000000000000000000000000
00000000000000000000000000000000
00000000000000000000000000000000
00000000000000000000000000000000
00000000000000000000000000000000
00000000000000000000000000000000
00000000000000000000000000000000
00000000000000000000000000000000
00000000000000000000000000000000
00000000000000000000000000000000
00000000000000000000000000000000
00000000000000000000000000000000
00000000000000000000000000000000
00000000000000000000000000000000
00000000000000000000000000000000
00000000000000000000000000000000
00000000000000000000000000000000
00000000000000000000000000000000
00000000000000000000000000110011
10011111111111011001111100110010
00000000000000000000000000000000
00000000000000000000000000000000
00000000000000000000000000000000
00000000000000000000000000000000
00000000000000000000000000000000
00000000000000000011000011101110
11111100111111001111110011101101
00000000000000000000000000000000
00000000000000000000000000000000
00000000000000000000000000000000
00000000000000000000000000000000
00000000000000000000000000000000
00000000001101101110001111111101
11111100111011111110100111111100
00111001000001100000000000000000
00000000000000000000000000000000
00000000000000000000000000000000
00000000000000000000000000000000
00000000000000000000000000001010
00111100111000001111110011111101
11111100110010100101010011111100
11111101011110100000000000000000
00000000000000000000000000000000
00000000000000000000000000000000
00000000000000000000000000000000
00000000000000000000000010100011
11111100111111001111110011111101
11111100111111000110000010111101
11111101101001110000000000000000
00000000000000000000000000000000
00000000000000000000000000000000
00000000000000000000000000000000
00000000000000000011001111101110
11111101111111011011111001110010
11111101111001000010111101001111
11111111101010000000000000000000
00000000000000000000000000000000
00000000000000000000000000000000
00000000000000000000000000000000
00000000001100001110111011111100
11111100101100110000110001001011
01111001000101010000000000000000
11111101111100110011001000000000
00000000000000000000000000000000
00000000000000000000000000000000
00000000000000000000000000000000
00100110101001011111110111101001
11010000010101000000000000000000
00000000000000000000000000000000
11111101111111001010010100000000
00000000000000000000000000000000
00000000000000000000000000000000
00000000000000000000000000000111
10110010111111001111000001000111
00010011000111000000000000000000
00000000000000000000000000000000
11111101111111001100001100000000
00000000000000000000000000000000
00000000000000000000000000000000
00000000000000000000000000111001
11111100111111000011111100000000
00000000000000000000000000000000
00000000000000000000000000000000
11111101111111001100001100000000
00000000000000000000000000000000
00000000000000000000000000000000
00000000000000000000000011000110
11111101101111100000000000000000
00000000000000000000000000000000
00000000000000000000000000000000
11111111111111011100010000000000
00000000000000000000000000000000
00000000000000000000000000000000
00000000000000000100110011110110
11111100011100000000000000000000
00000000000000000000000000000000
00000000000000000000000000000000
11111101111111001001010000000000
00000000000000000000000000000000
00000000000000000000000000000000
00000000000000000101010111111100
11100110000110010000000000000000
00000000000000000000000000000000
00000000000000000000011110000111
11111101101110100000110000000000
00000000000000000000000000000000
00000000000000000000000000000000
00000000000000000101010111111100
11011111000000000000000000000000
00000000000000000000000000000000
00000000000001111000001111111100
11100001010001110000000000000000
00000000000000000000000000000000
00000000000000000000000000000000
00000000000000000101010111111100
10010001000000000000000000000000
00000000000000000000000000000000
00110000101001011111110010101101
00000000000000000000000000000000
00000000000000000000000000000000
00000000000000000000000000000000
00000000000000000101011011111101
11100001000000000000000000000000
00000000000000000000000001110010
11101110111111011010001000000000
00000000000000000000000000000000
00000000000000000000000000000000
00000000000000000000000000000000
00000000000000000101010111111100
11111001100100100011000000011101
01010101101100101110000111111101
11011111101001110011100000000000
00000000000000000000000000000000
00000000000000000000000000000000
00000000000000000000000000000000
00000000000000000101010111111100
11111100111111001110010111010111
11111100111111001111110011000100
10000010000000000000000000000000
00000000000000000000000000000000
00000000000000000000000000000000
00000000000000000000000000000000
00000000000000000001110011000111
11111100111111001111110111111100
11111100111010011001000100000000
00000000000000000000000000000000
00000000000000000000000000000000
00000000000000000000000000000000
00000000000000000000000000000000
00000000000000000000000000011001
10000000111111001111110111111100
10001101001001010000000000000000
00000000000000000000000000000000
00000000000000000000000000000000
00000000000000000000000000000000
00000000000000000000000000000000
00000000000000000000000000000000
00000000000000000000000000000000
00000000000000000000000000000000
00000000000000000000000000000000
00000000000000000000000000000000
00000000000000000000000000000000
00000000000000000000000000000000
00000000000000000000000000000000
00000000000000000000000000000000
00000000000000000000000000000000
00000000000000000000000000000000
00000000000000000000000000000000
00000000000000000000000000000000
00000000000000000000000000000000
00000000000000000000000000000000
00000000000000000000000000000000
00000000000000000000000000000000
00000000000000000000000000000000
00000000000000000000000000000000
00000000000000000000000000000000
00000000000000000000000000000000
00000000000000000000000000000000
00000000000000000000000000000000
00000000000000000000000000000000
00000000000000000000000000000000
00000000000000000000000000000000
00000000000000000000000000000000
