000000000000010101100010
000000000000001111100011
000000000000001001000011
000000000000001100010100
000000000000000100001110
000000000000010110101001
000000000000000111111111
000000000000011000100010
000000000000001011000101
000000000000000101010010
000000000000000001110011
000000000000001011110010
000000000000001110100000
000000000000001100011011
000000000000010100101101
000000000000010000010101
000000000000010100001101
000000000000000010011001
000000000000001010011100
000000000000000110111100
000000000000000101110000
000000000000000101000110
000000000000000001100101
000000000000010001111011
000000000000001010011101
000000000000010101001100
000000000000000001111000
000000000000010111101110
000000000000000101000001
000000000000000000010100
000000000000000100001000
000000000000010001010101
000000000000001110000111
000000000000010001000101
000000000000001010110011
000000000000001000101100
000000000000011000110010
000000000000000011110010
000000000000000010000100
000000000000001001110101
000000000000001001010100
000000000000011000010011
000000000000000010110010
000000000000011001001010
000000000000010110111110
000000000000000100000100
000000000000000100001011
000000000000001001101100
000000000000010101100110
000000000000010011010010
000000000000010011001011
000000000000010001100001
000000000000001110011010
000000000000000101111001
000000000000001111101111
000000000000001000111000
000000000000000011111011
000000000000001100101101
000000000000001101000111
000000000000000001001000
000000000000000011000010
000000000000000010001111
000000000000001010011001
000000000000001101010000
000000000000011000010100
000000000000000000101101
000000000000010011101000
000000000000011000001110
000000000000001000010000
000000000000000101001100
000000000000001010001001
000000000000001100010110
000000000000010001100100
000000000000001001101101
000000000000000001000101
000000000000000000111100
000000000000001000110000
000000000000001110101001
000000000000010111100011
000000000000000100001001
000000000000011000110101
000000000000010011100110
000000000000001100110011
000000000000000011101111
000000000000000001011011
000000000000010101011011
000000000000010111010000
000000000000001110010011
000000000000010010111111
000000000000010100001010
000000000000001111100101
000000000000001111001110
000000000000000100111101
000000000000001100001010
000000000000000010100100
000000000000010011110100
000000000000010100010111
000000000000011001001110
000000000000001010001100
000000000000000001011010
000000000000000011000110
000000000000010001000000
000000000000010000000100
000000000000000100100111
000000000000010111111000
000000000000000011001111
000000000000000111000101
000000000000011000000010
000000000000000000001011
000000000000010011101101
000000000000010010101010
000000000000010101111101
000000000000001111010010
000000000000010100111110
000000000000010111011111
000000000000010010011010
000000000000010101110101
000000000000001001000000
000000000000000100100101
000000000000000001010110
000000000000000101100110
000000000000001001110100
000000000000000011111011
000000000000010101001010
000000000000000000011011
000000000000001001111111
000000000000010011001100
000000000000010001000111
000000000000010000000010
000000000000010000010101
000000000000000111110011
000000000000000101010000
000000000000010001010001
000000000000000111100100
000000000000001110000011
000000000000010010100001
000000000000000001000110
000000000000001010110100
000000000000010100110111
000000000000001010110010
000000000000010010011010
000000000000000001011110
000000000000000000111000
000000000000000001000111
000000000000000101111100
000000000000000110010000
000000000000010011001011
000000000000010010011010
000000000000000011100010
000000000000011001010001
000000000000011001100000
000000000000001100010011
000000000000001001110011
000000000000001000110011
000000000000010110111001
000000000000000011111111
000000000000000110001100
000000000000010010110101
000000000000001111000011
000000000000011001100100
000000000000001111101101
000000000000010110100110
000000000000010011111110
000000000000001010000101
000000000000001001000000
000000000000000001111001
000000000000000110000100
000000000000010101011101
000000000000010111001100
000000000000001001100001
000000000000000011110011
000000000000010010010001
000000000000000000010010
000000000000000001001001
000000000000010010100000
000000000000000111010100
000000000000000101000001
000000000000000010010010
000000000000010001100001
000000000000011000110010
000000000000000111010100
000000000000010001111000
000000000000000101101010
000000000000000110111011
000000000000010001011101
000000000000000101100101
000000000000000111100111
000000000000010010101101
000000000000010100011010
000000000000000011100110
000000000000001010011110
000000000000010100111110
000000000000000010111011
000000000000001000111110
000000000000010000111110
000000000000010100101000
000000000000001010111010
000000000000010111001001
000000000000001110011110
000000000000000100111010
000000000000010100101100
000000000000010110100110
000000000000001010110011
000000000000000001100000
000000000000010110100100
000000000000011000100010
000000000000010110010001
000000000000010111110100
000000000000000101111011
000000000000001000110010
000000000000001010110010
000000000000011001001101
000000000000001100000110
000000000000010100001101
000000000000000001100100
000000000000000101111101
000000000000000111111001
000000000000000100010000
000000000000000010001101
000000000000001011100110
000000000000010110100101
000000000000001111111100
000000000000010000100110
000000000000010111111011
000000000000011001010101
000000000000010010011000
000000000000000010000100
000000000000000010111111
000000000000000110111011
000000000000010000101001
000000000000010110010011
000000000000000100011110
000000000000000011011010
000000000000011001011111
000000000000001011001111
000000000000001111110111
000000000000000001111111
000000000000000100110010
000000000000001110011011
000000000000000100001000
000000000000000001000001
000000000000001000011100
000000000000010011111011
000000000000011001011111
000000000000010010001101
000000000000000001110000
000000000000010011100011
000000000000010111111101
000000000000011000110011
000000000000001011100000
000000000000001111100011
000000000000000011010001
000000000000001010000111
000000000000010000110111
000000000000001010111100
000000000000000101100001
000000000000010000001000
000000000000010000000101
000000000000000110011010
000000000000010010110001
000000000000000000101001
000000000000001101001100
000000000000010010111001
000000000000001110001000
000000000000000001001100
000000000000000110001111
000000000000010001100001
000000000000001101100111
000000000000011001001010
000000000000000010110000
000000000000000011000110
000000000000001001111010
000000000000001110000100
000000000000011000001111
000000000000000010110101
000000000000010001011010
000000000000010111010110
000000000000001111111010
000000000000010001011100
000000000000010000000100
000000000000001100011000
000000000000000010110000
000000000000000010110010
000000000000011000011101
000000000000011001100011
000000000000000001010011
000000000000000010100000
000000000000000111000101
000000000000001011001100
000000000000001110111011
000000000000001111100001
000000000000001110110111
000000000000010000011000
000000000000011000100011
000000000000010110011000
000000000000001000111011
000000000000010000100110
000000000000010001001001
000000000000011000101111
000000000000000011101111
000000000000000010001001
000000000000000101111010
000000000000010001101001
000000000000001100000100
000000000000001110011000
000000000000000001110110
000000000000001010010000
000000000000001000111010
000000000000001111111010
000000000000001011011011
000000000000000110010001
000000000000010000001100
000000000000000101011100
000000000000000010010111
000000000000000101001101
000000000000010001111100
000000000000001101011010
000000000000000111001100
000000000000010110000100
000000000000010110111100
000000000000011000010011
000000000000000111110000
000000000000010001011101
000000000000010010110010
000000000000010011101100
000000000000010000101101
000000000000001110010011
000000000000001101010111
000000000000010110101000
000000000000010100010111
000000000000010110110000
000000000000001011001011
000000000000001101101100
000000000000010100110010
000000000000000001001111
000000000000001001101011
000000000000001001111111
000000000000000010011001
000000000000010101111011
000000000000010101001100
000000000000001101011010
000000000000010000101011
000000000000000101000101
000000000000001111101001
000000000000001011111101
000000000000010110100010
000000000000001010101001
000000000000000001101011
000000000000000011010111
000000000000010101001000
000000000000000010001000
000000000000010110100000
000000000000011000101010
000000000000001010010010
000000000000000100111011
000000000000010111001110
000000000000001000101011
000000000000011000111001
000000000000000001010011
000000000000010010010101
000000000000011000110001
000000000000000001001010
000000000000010111100100
000000000000000011011000
000000000000010001110011
000000000000010100101011
000000000000010110000100
000000000000001110011001
000000000000010100000000
000000000000010101101101
000000000000010100000001
000000000000001111110011
000000000000010110011011
000000000000001011000110
000000000000010011010010
000000000000011000000000
000000000000000100001000
000000000000000001011111
000000000000011001001100
000000000000010010011111
000000000000010100101111
000000000000001011110110
000000000000011000111101
000000000000001110001101
000000000000000000000001
000000000000000001011101
000000000000010011010110
000000000000000010011110
000000000000010101111011
000000000000001101011011
000000000000011000000010
000000000000010100001111
000000000000001010110100
000000000000001100011000
000000000000010011100000
000000000000010100001100
000000000000010010101011
000000000000001011011101
000000000000001100100010
000000000000001011110110
000000000000000110011010
000000000000000111110011
000000000000000110101101
000000000000001111110101
000000000000001111011101
000000000000001101101111
000000000000000111110010
000000000000010000001101
000000000000000001001101
000000000000001100000111
000000000000010101111110
000000000000000100101101
000000000000010010110101
000000000000010001011010
000000000000010110010111
000000000000000100100000
000000000000000001101001
000000000000001011111110
000000000000001000010111
000000000000010111001101
000000000000010010110010
000000000000011001100110
000000000000010011011000
000000000000010111011010
000000000000010111110010
000000000000010011011100
000000000000000001000011
000000000000001100010011
000000000000010110010000
000000000000010001001011
000000000000000100110110
000000000000010110001011
000000000000010010100110
000000000000000010011110
000000000000000111001000
000000000000010101111011
000000000000001111001001
000000000000010010011110
000000000000001000010011
000000000000000110111100
000000000000011000110011
000000000000001110000111
000000000000001101011111
000000000000001011110111
000000000000010000001111
000000000000010101001001
000000000000001000010011
000000000000010110001110
000000000000010011010010
000000000000010011000011
000000000000000001001110
000000000000001001001011
000000000000001011000010
000000000000010010001111
000000000000000010111000
000000000000010111000100
000000000000010011001101
000000000000000100001001
000000000000010100011011
000000000000000000101101
000000000000001011101001
000000000000000101010100
000000000000001000011001
000000000000001101111011
000000000000010001000100
000000000000000111110000
000000000000010101111110
000000000000000101100010
000000000000010101101011
000000000000010010001010
000000000000010101011010
000000000000010111000110
000000000000010010000011
000000000000010001011001
000000000000010100010011
000000000000010011110101
000000000000000001100001
000000000000000011010001
000000000000010000110010
000000000000011001010011
000000000000000111000001
000000000000000111010001
000000000000010111011101
000000000000001110000010
000000000000001001001000
000000000000001001000011
000000000000001001011111
000000000000001110101000
000000000000010111110001
000000000000000000010000
000000000000001111100001
000000000000010000101110
000000000000010011111011
000000000000001100100001
000000000000000111101011
000000000000000011100010
000000000000001100000101
000000000000000100100001
000000000000000000100111
000000000000001000000101
000000000000010111110101
000000000000010110100101
000000000000010010001101
000000000000001011001001
000000000000001111110001
000000000000010100001101
000000000000010101110111
000000000000010110101001
000000000000010000110001
000000000000000011011101
000000000000010010101000
000000000000011001011000
000000000000001010111001
000000000000001000001000
000000000000001100000010
000000000000010100011000
000000000000000111000010
000000000000010110001101
000000000000010010011100
000000000000011000000100
000000000000011000000001
000000000000001001001001
000000000000000101011111
000000000000001011110100
000000000000000111001010
000000000000010001111010
000000000000000111001110
000000000000001000010011
000000000000001101010000
000000000000000110101000
000000000000010101000101
000000000000001000110100
000000000000001001010100
000000000000010010001010
000000000000010011111000
000000000000010110100010
000000000000000110000001
000000000000010000100111
000000000000010101000110
000000000000000111010111
000000000000011000010010
000000000000001011100010
000000000000010110000011
000000000000010110000111
000000000000000010110100
000000000000000111110011
000000000000010001010010
000000000000010101011101
000000000000010001111000
000000000000010001001010
000000000000001110100110
000000000000000110110011
000000000000000101011011
000000000000010000100011
000000000000001011101000
000000000000000011101101
000000000000001010100010
000000000000001101000000
000000000000010101111111
000000000000010100101011
000000000000010100111001
000000000000000000101011
000000000000000110111100
000000000000011000101010
000000000000000111101110
000000000000001001100001
000000000000001100101101
000000000000001110001011
000000000000010011010101
000000000000000101011110
000000000000000000100001
000000000000010001011110
000000000000001011110001
000000000000001100110101
000000000000011001100010
000000000000010101100001
000000000000001010000000
000000000000010001000100
000000000000000000010110
000000000000001110110101
000000000000011000000111
000000000000001111000110
000000000000001011100011
000000000000010000001001
000000000000000011101000
000000000000001101010110
000000000000001000100000
000000000000011000110000
000000000000001010110001
000000000000000001001110
000000000000001010000100
000000000000001101000100
000000000000001110111000
000000000000000101000110
000000000000010000111110
000000000000001100101011
000000000000001111000010
000000000000001100011010
000000000000000001111100
000000000000001101100001
000000000000010101101111
000000000000010000000110
000000000000010011000111
000000000000010100101110
000000000000001000101011
000000000000001001010100
000000000000001101010101
000000000000001010101001
000000000000000011010011
000000000000001001010111
000000000000010011111101
000000000000010111011010
000000000000010011101100
000000000000001000110101
000000000000001101000111
000000000000001011110100
000000000000010101111010
000000000000000110000000
000000000000001111000010
000000000000000010000110
000000000000001110101001
000000000000001111111010
000000000000000111001001
000000000000011001010010
000000000000000100011111
000000000000010010010110
000000000000000001111011
000000000000000101001010
000000000000010000100101
000000000000001011010110
000000000000000101111011
000000000000010100000100
000000000000010010001011
000000000000001111011010
000000000000000110100000
000000000000010011011011
000000000000010110000000
000000000000010110101001
000000000000000110101110
000000000000010101011001
000000000000001010010011
000000000000000101010111
000000000000000000000111
000000000000010001111100
000000000000010000000010
000000000000001101001011
000000000000010011010001
000000000000010100000101
000000000000000110110000
000000000000000101000111
000000000000001111011001
000000000000001100100100
000000000000000011010011
000000000000010111110100
000000000000000010010100
000000000000010001111101
000000000000001101011101
000000000000010110010001
000000000000010010111010
000000000000001011100111
000000000000001010011110
000000000000000010100101
000000000000000101110110
000000000000010001010000
000000000000001110101010
000000000000001100000111
000000000000001100011100
000000000000010101111110
000000000000010010101011
000000000000011000010110
000000000000010000011010
000000000000001100001010
000000000000010011000110
000000000000000100000111
000000000000000101110101
000000000000011001001000
000000000000000010100000
000000000000010010110111
000000000000010001011010
000000000000001110101110
000000000000010101111111
000000000000000001101011
000000000000001001010110
000000000000001111101010
000000000000001101111011
000000000000000111101000
000000000000000110100001
000000000000001111110101
000000000000010111101100
000000000000000001111000
000000000000001011001110
000000000000000010001011
000000000000000110011101
000000000000001000110101
000000000000000010101010
000000000000010000010011
000000000000010011010000
000000000000011001100100
000000000000000111001001
000000000000000000100111
000000000000001000011100
000000000000010111011001
000000000000000110101100
000000000000000110101110
000000000000001100000111
000000000000001101100000
000000000000001000011111
000000000000000110000011
000000000000001000000010
000000000000010010110111
000000000000001000101110
000000000000000011110011
000000000000000001111000
000000000000010001010010
000000000000001110111110
000000000000000000000101
000000000000000011101001
000000000000010100000000
000000000000000101100111
000000000000010011010111
000000000000001100100110
000000000000000011100000
000000000000000001100100
000000000000001101010101
000000000000010101011111
000000000000000010101001
000000000000001110011010
000000000000000010010000
000000000000011001010111
000000000000001011110111
000000000000000110100100
000000000000010001110000
000000000000010111100010
000000000000010100000010
000000000000010110110001
000000000000010000000110
000000000000001100110101
000000000000011001011010
000000000000001000010011
000000000000010011100110
000000000000011001011111
000000000000000101101101
000000000000001111010001
000000000000001111000000
000000000000010100111110
000000000000001001001101
000000000000000010111111
000000000000001100110101
000000000000001100100000
000000000000001011111110
000000000000010101100110
000000000000010110101000
000000000000001001011100
000000000000010001000100
000000000000010110011011
000000000000000110111111
000000000000010100110111
000000000000010011000001
000000000000001010010111
000000000000001101110010
000000000000000111101001
000000000000001100010100
000000000000001101001011
000000000000010001110101
000000000000010111110010
000000000000010101100100
000000000000001110111110
000000000000000011111001
000000000000001101011011
000000000000010111110011
000000000000000100110001
000000000000001011011001
000000000000000101000101
000000000000010100100001
000000000000010111001111
000000000000001001101011
000000000000001100010100
000000000000000111010110
000000000000001101100101
000000000000010000001110
000000000000001010010001
000000000000001110101011
000000000000000001110000
000000000000001100000101
