0000011100000111
1010111010111010
1001001000000101
1110100000110010
1011101000111011
1011101111101110
1010010101110111
1011000010101000
1110001000100000
0110011010010110
0111110010111011
1000010110101001
0100101110001001
1010000110101010
1110010100001011
1011000101110101
0101110111100101
0011111101000100
0111010100110010
1010010001110010
1001000100111011
0110011111110101
0111110010100110
1111001100111101
0010011100101010
1011100001001101
1111110111000101
0000111110001010
0011100101101111
1000001100011101
1000001001111101
1000110101010111
0111110001100110
1110010011001000
1011010001110110
1001010011100101
1011101001011101
1011010111010110
1101110110100101
0010010010101010
0000000001010110
0100000110110010
1001111110101111
0010010100110001
1101100111010110
1001110100100101
1110010100101100
1101011010110101
1000100110001001
0001100100011110
0000001001000010
1011001111101011
1111011000011000
1111001110011110
0010100011101000
1011111011000111
0000110001110010
0000110101110000
0001111110100001
1100111010010010
1000110101011111
0101001111010100
0110001110001110
1010011110101001
0011110111110001
0001100010000011
0110100000101011
1110001111111011
1010100101010001
0000110010010011
0001010100001100
0010000100110000
1100000110001010
1100100100010100
0001011010110011
1000011100100101
1010111011101100
1011110101110111
0010000111011110
0000001110101111
0110011001110101
1111011100110000
1101011100000111
0100110110011100
1101111110110001
1011010000010011
1111100010110110
0101101010010000
1100110000001110
1110010011111100
1100101011010010
1000111100110100
0111010110100111
0111001000100001
0110000011000010
0011110101000000
1001000101010010
1001000010100011
0010101000110010
0000010010111100
0001111100110111
0100000011101100
1110011000111111
0101001011111100
0001101010100110
1101000000011001
0111011001000000
0100010110000110
1011010101001000
0000110110010001
0001001010011100
0001001101111011
1010100101100111
0110001101111111
0101011010010110
1001101010110000
1111000011010010
1111010000000110
1111000111001000
0110101101100010
0010110011010010
0110101101010000
0000101000101010
1110101100111010
1110101111110100
1010110110110100
0111111001101010
0111010100011001
0010100111101000
0000010011011111
0110100000110110
0010101011101100
0100111110101101
0100001001011111
0100010111110011
0000101101101010
1001110101101001
1101111101001110
1011011001110001
0101001110110100
1001000001111011
1000101111001100
1101001011011100
0001001010000011
1101001101001100
1110111111001011
0100110110100101
1111010010101010
1111000100010111
0001011111011110
0110010111111010
0011011111001001
1010001000111100
0100111001101110
1110011000011010
1001010111000100
0100001101000011
1011101110000000
0001110000101010
0000010110111110
1001101010111010
0101100101111011
0100111001001000
0110010001001000
1001010000010001
1001001101111011
0101001100001000
1111001011111010
1010000011000000
1111001111001110
1110011101100100
1010110111010001
0011111101010101
0011010110010100
1100111000100110
0001101010011101
0001011000010100
1001001111011000
0111011001001011
1101101011111101
1001110101111001
0100000110011011
0111101011011010
1101000011011110
1110110000010100
1110011010001010
1110111000110100
1110111001001100
0100100110110110
1000000011110110
0000110101000111
0010001001010010
1000101101010100
0111011111000011
0100010011101011
1010100011001101
0000011101111011
1001011000100101
1000111000000010
0010111010100100
1010010100100100
1000110111101100
1010101001100111
0001100001100011
0110100100000101
0110010111011010
1110010001010000
0010001100110011
0000000010100111
1101001111010100
0011100000110111
1111110001000110
1111111011010100
0000110010100110
1011001001000001
1110000100001001
1101000110011000
1100011110111000
1000010000001110
1100111000010011
0111001010001001
0111110000111010
0100010011010011
0011111110011101
0000001100101100
1110011100111100
0010000110001100
0001100000011010
1111000000100100
1010010110111011
1101101101000101
1100001011001000
1011110101000110
1101000110010010
0000011001110001
1101110111001110
1001010111111001
0010100101110010
1011101010100011
1001000101001111
1110001101011010
0011010100000100
1000111010100101
0011011011010111
1000011111111100
0011011000010001
1110011011100001
0011111100001000
0110010100000001
1100011001111100
1000100011000000
0111110111100111
0111111110101100
1011111101111100
0111110111011100
0000110000010111
1101001011011001
1100001111101100
0001001100111000
1101011101111100
0001011011110000
0001111010100110
1110011000100000
0100010000100000
0011000000011010
0010110011100111
1001110001101010
1000111100001110
0000101001000001
1000100010100100
1111101100101101
0101001100000001
1011000001010100
1000110100010011
1001111011100110
1100011111001100
1001101011010110
1101110101001000
1101011100011001
1001011101100100
0010110011100101
0010100101111010
1111001111001000
1110111000011111
1001101101010100
1110101110011110
0101101010000100
0011110101100110
0110100000110000
1011011110111000
1010110000010010
0001001001101000
1010001010001001
0000001111001111
0011100010110110
0101001011011011
0001001101010101
1101110001000001
1111101011101011
0011111001010010
0001001000100011
0110100011111111
0101101001111001
0001010110101100
1001101010101111
0011111111111111
1000011010001010
1111110100111100
1001110000010111
1100111010001000
0010010101101001
1011100010111010
0011111101011001
1001100001010111
0010110101111001
0100110111001011
1101010100111111
0101101101000110
1101101010010010
0000001110011100
0001011001111100
0111000001110001
1101110110011101
0110010000100000
1010001110011010
0101110100101110
0100100111010010
0010100000011101
1010111111101011
1001010101000101
0110010111101100
0011001011011001
0001111000011001
0111010000011001
0011000000101011
1111111110001001
1101000001100010
0101011111101110
0000110110001101
1100111101000011
0011110110001101
0100001001011101
1101001010100010
0101001101101010
0011001100011001
0101110011111101
1111110101010010
0101100011111011
0100111110100100
1110011101111101
1011010001011011
0000110010101011
0100001011000111
0100101010110010
1111000001100010
1111000001011000
1000000111011111
0101001011110000
0110100111011011
0111111111111010
0011001111001000
0111110110100111
1010110101011010
1111100111111101
0100110101111011
1110010000111110
1100001011101000
1110000110110111
1101000111011101
0001101000111110
0011111011100110
0101011000011011
0101110110011001
0011101000011111
0000000001111110
1001111101000101
1011000101001100
1111001111000010
1101010110011001
0111010001110000
1011001000010001
0101110101110110
1001110011111011
1101000101001011
1000011001000010
1011110100011111
0000010000010010
0100101010011110
0110000011010011
1001001001101101
0100111010110111
1111001100100110
1001100100000011
1001100110011010
1000110111001110
0100001101111011
0100010101001011
1100111110100101
1001001100111111
0100101000111100
1000110001011110
0000101110010110
1011111110111010
0001001110110011
0111111011000100
1110100011000000
0101100101110101
1011110001101011
1010010100000100
1100101111111100
0011111100011110
1010111001100111
0010001110101100
1010100111111111
0111010000100010
0011100110101001
1000011001000010
0010000010001010
1101111011011011
0001100110000100
1111011111110110
1010100000110000
1001111101011100
0011001101001011
0111000000010011
1010010100111101
1111011011000111
1101110001010100
0011101000000110
1100010101000011
0011000101011001
1111010110110011
0010101011110110
0000111001010111
0111101100100001
0010110111010110
0101000011111011
1010111110010010
1111011010000011
1000101000000001
1111101111000110
0011000000101000
0011110111111110
1101111100110100
1000010010001110
1100000100010101
1000000011000000
0110110100101110
0000101110110000
1011000010000111
0001100111000101
1001111000011010
1110011001110111
0110101001100001
1010110100101110
1001101101111110
0000110101000001
1100011100100110
1111111010110001
0011001001011000
1100101000110010
1110001000111101
1000011100110110
1110001001011010
1101111100011011
1010111001111010
0101011110100010
0010110001100010
1100010001000110
1001000000010000
0100100111110111
1000010000101000
0110110001000000
1111010110010110
1100110101011110
1010100100000000
0100110110010111
1111000110110010
1010110111101110
0000010100011111
0101111100001000
1001001011011001
0111101101010110
1000110001111000
1000100110101011
1000101011000011
0001010111011001
1001101110110011
0111000010100010
0101111000110100
0111000100100101
0100110101010001
0011100000101001
1110111011001010
0010011100010000
0100111111111010
1001111100110100
0110000010110000
0000000110001011
0100001101010000
0100100111110000
0010110000100100
0010111000010100
1111100111011010
1000101001100111
0001001110101001
1000111100101111
1111000000010011
0010000001101000
1011101010011010
0101011110000110
1101101101010001
0011101100110010
1011011100101100
1101011110101010
1101111100001001
0100100011001000
0101101011110101
0111111001010000
0000110111011001
1100001011101100
1110111110001000
1110011111011011
1110010100100101
1110010011011111
0001000100001010
1001001010011100
0000010101111000
1010001010111011
0100101001011010
1100111001000101
1001000111101111
1001011110101111
0010110001011010
0111010000100100
1001110001101111
0100001111001000
1011100110100011
0111101001011101
1110010101111000
0101000001000101
1011100100011101
0010001010010001
1001000011001010
1001000010100000
1110011100010011
1111011110000001
0011010100011000
0111000011101101
1111000111101110
0101110111011110
0010101000111001
0100011111000000
1011010010000010
1100100110111110
0111110100011010
0000000000101100
1001000111111111
0111100110110000
1101011110110010
1000011000100000
1101110011001010
0100101001010111
0110100001100100
1100001010000011
0010110000110000
1001111000001101
1000001011100111
1000101010111101
0101011111111101
1010111000011110
0010101010011010
1111000111011010
0101010011100110
1111001100011001
1100100111110010
1111111101111110
1110111010000011
1101111001101111
0110001110000000
0111001101011010
1101001101011101
1000101011001001
1101111000110001
0001000001101100
1001001110011010
0111101110000101
1111110101001110
1001001111010100
0110000010101111
0101001101010111
0100111100011110
1001010110010100
0010111100101110
1011111010011011
1001110000011011
1001010000101011
0100100011100100
0101010100110001
0011100010000100
0001011111111011
0101101000001000
1111001010000100
0101000100101001
1111010101010010
0000101010000101
1110110100011100
1100101101011011
0011000011101101
0011101011101101
1100110010001010
1011011101100101
0011010111101000
1101101010000001
0001010101011011
1010011011101000
1010010000100010
1111111000100111
1100010000010110
1101110101111100
0100011110010110
0010100111101110
1101001010100011
1111011001101100
1110111011110001
1011111100101011
0001100001101010
0100001010111001
0110000111010000
1100100100100001
0010100010010100
1001100110110100
1001110011110010
0010001100110011
1111100101100101
1001011000101101
0110001111111011
0001111110001000
0111111011010100
0101110001011101
1010100110000111
0011100100001000
0110101010111110
0000101011111010
1010011110011101
1101001010110111
0001000110101110
0000000100010000
1101111101111011
0011111001001100
0001100001010111
0100100010111101
1111100001101101
1010101010000000
0001110101010001
0011001100100100
1111011001111100
1011111110111011
1001001000111011
0001011011110001
1010101000001101
1100110011101100
1101100111100010
0110011110010011
1001001001100010
0000111100011000
1011100110110110
0111100111000001
0001001111001010
1110101011101111
0110001111001011
1111110010110100
0000111101100011
1001100100001001
0100000000001100
0001011011001110
0011011111010100
1100101101110110
1000001010010110
0100001010010010
0111100110010000
0000001011010110
1011101101111011
1011010011011000
0011000011101110
1010001101111100
0001010101001001
1111011111111010
0000011110111110
1100111100011110
1011100001010101
0001010101111011
1100000100000011
0111001000001101
1101010000000101
1011001000100001
1011001010010110
0100101001111101
1011000101001000
1010110000100011
1100010010000010
1011000111110100
1111000101110000
0011101000000111
0001101100111110
0000110010101101
1101001111011100
0000101011001111
0100001011001110
1100100110001001
1011001101000110
0111101001001011
1011001101100010
1000011011110100
1000001011101100
1101110110100111
1100000010010011
0100110110100011
0100011110010011
0001110100001010
1001101111101100
1011110101100000
0000100101111011
1010001111001111
1001110100011101
1101110100100100
1111000001011010
1011111110100000
0011101011010000
1110010001111100
1110000010101110
1100101000111000
0111001000001101
1100000011011101
1111010111010010
0000010000110111
1001110100001011
1001100011110000
0001110001111001
0000010001111100
1110100011000001
1011001010111011
1010100001011100
0101111100111111
1111111100001100
0100110011011101
0111001110110010
0101011110010001
1100101110011010
0011011001100001
0011111101101111
1100101001011111
0000001011000011
1000011111101010
0001111000110100
0101110111001011
0101011010101101
1100010110111010
1000000111000111
0100000111001110
0001110101011010
1101000001111011
0110001011110011
1110101100011100
0011001001110100
0010111001011011
1101100011101010
0010001011101010
0111100010101000
0100100000000000
1101101101000100
1111100110001011
0001110100000110
0000111111101001
0110000000000011
1001110101100001
0001010101000001
0001100110100101
0101111100011000
0110101100000010
0110101110100100
1100110100111010
0000000000001101
0000101111110111
